80
8080
8880
2052
2082
2086
2095
443
2053
2083
2087
2096
8443
81
82
83
84
85
86
88
89
90
99
800
801
808
880
888
889
1000
1010
1980
3000
3443
3505
5555
6080
6677
7000
7001
7002
7003
7005
7007
7070
7080
7200
7777
7890
8000
8000-10000
8001
8002
8003
8004
8006
8008
8009
8010
8011
8012
8016
8020
8028
8053
8060
8070
8081
8082
8083
8084
8085
8086
8087
8088
8089
8090
8091
8099
8100
8161
8180
8181
8200
8280
8300
8360
8484
8800
8881
8888
8899
8989
9000
9001
9002
9060
9080
9081
9085
9090
9091
9200
9999
10000
18080
28017
38501
38888
41516